lambda =

   249
    58
   195
     0
     0
     0
     0
     0
     0


omega =

    73
   106
     0
     0
     0
     0
     0
     0